start=0.083417
pause=yes
sub-delay=0.700000
