start=7265.800208
ontop=yes
aid=1
sid=1
sub-delay=0.900000
