start=411.161000
pause=yes
aid=2
sid=5
sub-delay=0.100000
