start=1356.772000
aid=2
sid=5
sub-delay=-0.100000
