start=0.000000
pause=yes
sid=2
sub-delay=-5.299997
