start=0.000000
pause=yes
sid=3
sub-delay=-0.000000
