start=1412.369000
panscan=0.100000
aid=2
sid=4
sub-delay=88.999214
