start=1117.575000
pause=yes
panscan=0.100000
aid=2
sid=3
sub-delay=-1.100002
