start=6124.618000
sid=4
ab-loop-a=5816.436000
