start=124.937000
sid=3
sub-delay=4.999997
